
0
0 | 351.135 | 0
1 | 185.839 | 0
2 | 446.955 | 0
3 | 315.473 | 0
4 | 166.273 | 0
5 | 605.81 | 0
6 | 611.218 | 0
7 | 172.424 | 0
8 | 573.739 | 0
9 | 304.339 | 0
10 | 178.238 | 0
11 | 427.845 | 0
12 | 342.146 | 0
13 | 381.905 | 0
14 | 309.699 | 0
15 | 599.57 | 0
16 | 173.835 | 0
17 | 599.417 | 0
18 | 179.547 | 0
19 | 755.598 | 0
20 | 749.842 | 0
21 | 738.092 | 0
22 | 346.514 | 0
23 | 757.843 | 0
24 | 167.272 | 0
25 | 338.512 | 0
26 | 170.857 | 0
27 | 489.744 | 0
28 | 500.344 | 0
29 | 609.632 | 0
30 | 568.336 | 0
31 | 166.149 | 0
32 | 174.324 | 0
33 | 490.7 | 0
34 | 310.089 | 0
35 | 692.403 | 0
36 | 163.83 | 0
37 | 370.515 | 0
38 | 190.447 | 0
39 | 427.232 | 0
40 | 441.144 | 0
41 | 171.625 | 0
42 | 436.206 | 0
43 | 353.302 | 0
44 | 563.844 | 0
45 | 480.796 | 0
46 | 704.107 | 0
47 | 188.469 | 0
48 | 375.232 | 0
49 | 168.347 | 0
50 | 738.563 | 0
51 | 175.657 | 0
52 | 309.728 | 0
53 | 175.14 | 0
54 | 432.608 | 0
55 | 345.614 | 0
56 | 318.886 | 0
57 | 481.658 | 0
58 | 742.804 | 0
59 | 486.654 | 0
60 | 744.002 | 0
61 | 687.997 | 0
62 | 315.145 | 0
63 | 605.82 | 0
64 | 298.913 | 0
65 | 168.39 | 0
66 | 604.537 | 0
67 | 485.619 | 0
68 | 593.413 | 0
69 | 170.35 | 0
70 | 748.577 | 0
71 | 446.17 | 0
72 | 569.496 | 0
73 | 588.398 | 0
74 | 378.879 | 0
75 | 367.23 | 0
76 | 553.885 | 0
77 | 358.83 | 0
78 | 181.848 | 0
79 | 614.944 | 0
80 | 434.756 | 0
81 | 700.105 | 0
82 | 571.553 | 0
83 | 343.401 | 0
84 | 376.333 | 0
85 | 300.723 | 0
86 | 580.956 | 0
87 | 701.901 | 0
88 | 485.376 | 0
89 | 559.633 | 0
90 | 375.153 | 0
91 | 486.232 | 0
92 | 699.644 | 0
93 | 697.812 | 0
94 | 364.074 | 0
95 | 688.098 | 0
96 | 345.348 | 0
97 | 567.677 | 0
98 | 443.379 | 0
99 | 689.097 | 0
100 | 342.334 | 0
101 | 749.04 | 0
102 | 299.207 | 0
103 | 683.34 | 0
104 | 368.421 | 0
105 | 487.268 | 0
106 | 737.141 | 0
107 | 436.92 | 0
108 | 594.555 | 0
109 | 380.62 | 0

1
0 | 417.103 | 0
1 | 325.739 | 0
2 | 402.107 | 0
3 | 389.43 | 0
4 | 342.308 | 0
5 | 119.251 | 0
6 | 124.849 | 0
7 | 338.737 | 0
8 | 426.857 | 0
9 | 394.998 | 0
10 | 335.896 | 0
11 | 412.24 | 0
12 | 412.459 | 0
13 | 325.868 | 0
14 | 401.015 | 0
15 | 114.662 | 0
16 | 445.885 | 0
17 | 113.853 | 0
18 | 431.951 | 0
19 | 383.521 | 0
20 | 373.823 | 0
21 | 364.119 | 0
22 | 409.546 | 0
23 | 374.994 | 0
24 | 453.074 | 0
25 | 401.722 | 0
26 | 341.192 | 0
27 | 3.57239 | 1
28 | 11.9003 | 0
29 | 124.54 | 0
30 | 421.743 | 0
31 | 432.759 | 0
32 | 330.576 | 0
33 | 2.69582 | 1
34 | 412.251 | 0
35 | 263.313 | 0
36 | 344.608 | 0
37 | 346.333 | 0
38 | 424.382 | 0
39 | 391.255 | 0
40 | 400.998 | 0
41 | 435.415 | 0
42 | 411.107 | 0
43 | 411.336 | 0
44 | 419.2 | 0
45 | 13.0953 | 0
46 | 275.514 | 0
47 | 434.362 | 0
48 | 328.513 | 0
49 | 342.046 | 0
50 | 365.651 | 0
51 | 428.212 | 0
52 | 396.806 | 0
53 | 444.236 | 0
54 | 404.672 | 0
55 | 397.996 | 0
56 | 394.418 | 0
57 | 7.98965 | 1
58 | 370.607 | 0
59 | 5.43394 | 1
60 | 372.802 | 0
61 | 263.729 | 0
62 | 402.348 | 0
63 | 122.964 | 0
64 | 395.626 | 0
65 | 337.814 | 0
66 | 120.622 | 0
67 | 3.07957 | 1
68 | 111.689 | 0
69 | 338.97 | 0
70 | 369.418 | 0
71 | 406.672 | 0
72 | 408.44 | 0
73 | 434.152 | 0
74 | 344.692 | 0
75 | 334.215 | 0
76 | 408.394 | 0
77 | 412.922 | 0
78 | 435.543 | 0
79 | 127.908 | 0
80 | 396.221 | 0
81 | 266.225 | 0
82 | 419.005 | 0
83 | 399.447 | 0
84 | 335.509 | 0
85 | 395.247 | 0
86 | 424.282 | 0
87 | 276.927 | 0
88 | 6.73513 | 1
89 | 413.05 | 0
90 | 331.842 | 0
91 | 17.4734 | 0
92 | 270.515 | 0
93 | 270.848 | 0
94 | 327.185 | 0
95 | 274.13 | 0
96 | 399.126 | 0
97 | 419.026 | 0
98 | 402.736 | 0
99 | 262.925 | 0
100 | 414.152 | 0
101 | 371.998 | 0
102 | 388.443 | 0
103 | 256.485 | 0
104 | 337.891 | 0
105 | 6.20472 | 1
106 | 361.056 | 0
107 | 396.423 | 0
108 | 109.736 | 0
109 | 316.617 | 0

2
0 | 481.412 | 0
1 | 566.701 | 0
2 | 407.541 | 0
3 | 657.637 | 0
4 | 579.617 | 0
5 | 190.269 | 0
6 | 186.895 | 0
7 | 577.782 | 0
8 | 677.058 | 0
9 | 662.4 | 0
10 | 576.687 | 0
11 | 430.235 | 0
12 | 482.192 | 0
13 | 383.829 | 0
14 | 668.763 | 0
15 | 185.2 | 0
16 | 695.648 | 0
17 | 188.099 | 0
18 | 682.763 | 0
19 | 537.682 | 0
20 | 527.242 | 0
21 | 521.979 | 0
22 | 477.002 | 0
23 | 522.05 | 0
24 | 701.558 | 0
25 | 474.454 | 0
26 | 580.327 | 0
27 | 266.788 | 0
28 | 262.994 | 0
29 | 181.103 | 0
30 | 672.616 | 0
31 | 681.01 | 0
32 | 567.41 | 0
33 | 269.825 | 0
34 | 679.929 | 0
35 | 8.02507 | 1
36 | 581.542 | 0
37 | 407.507 | 0
38 | 677.122 | 0
39 | 409.97 | 0
40 | 410.306 | 0
41 | 684.758 | 0
42 | 423.7 | 0
43 | 474.755 | 0
44 | 670.806 | 0
45 | 283.199 | 0
46 | 8.66744 | 1
47 | 686.794 | 0
48 | 390.43 | 0
49 | 580.285 | 0
50 | 523.971 | 0
51 | 678.255 | 0
52 | 664.586 | 0
53 | 694.248 | 0
54 | 419.593 | 0
55 | 466.988 | 0
56 | 662.808 | 0
57 | 277.764 | 0
58 | 528.153 | 0
59 | 267.517 | 0
60 | 530.577 | 0
61 | 7.99965 | 1
62 | 670.45 | 0
63 | 174.314 | 0
64 | 662.602 | 0
65 | 574.457 | 0
66 | 178.764 | 0
67 | 272.903 | 0
68 | 177.951 | 0
69 | 577.088 | 0
70 | 521.326 | 0
71 | 412.672 | 0
72 | 657.622 | 0
73 | 681.746 | 0
74 | 400.644 | 0
75 | 400.185 | 0
76 | 661.103 | 0
77 | 473.038 | 0
78 | 686.792 | 0
79 | 189.739 | 0
80 | 409.819 | 0
81 | 15.0158 | 0
82 | 668.854 | 0
83 | 469.58 | 0
84 | 395.063 | 0
85 | 662.369 | 0
86 | 672.505 | 0
87 | 6.79212 | 1
88 | 276.7 | 0
89 | 664.964 | 0
90 | 393.024 | 0
91 | 285.023 | 0
92 | 6.41117 | 1
93 | 2.4474 | 1
94 | 397.012 | 0
95 | 20.748 | 0
96 | 468.16 | 0
97 | 669.763 | 0
98 | 410.559 | 0
99 | 7.36246 | 1
100 | 483.657 | 0
101 | 525.036 | 0
102 | 655.477 | 0
103 | 13.8141 | 0
104 | 402.225 | 0
105 | 275.56 | 0
106 | 517.991 | 0
107 | 408.578 | 0
108 | 187.466 | 0
109 | 377.839 | 0

3
0 | 275.533 | 0
1 | 396.493 | 0
2 | 220.533 | 0
3 | 526.733 | 0
4 | 405.217 | 0
5 | 237.019 | 0
6 | 239.09 | 0
7 | 405.03 | 0
8 | 624.67 | 0
9 | 528.043 | 0
10 | 405.605 | 0
11 | 238.375 | 0
12 | 275.066 | 0
13 | 175.491 | 0
14 | 535.416 | 0
15 | 226.84 | 0
16 | 527.349 | 0
17 | 229.231 | 0
18 | 516.255 | 0
19 | 583.827 | 0
20 | 573.703 | 0
21 | 564.907 | 0
22 | 270.229 | 0
23 | 573.173 | 0
24 | 531.573 | 0
25 | 266.462 | 0
26 | 407.481 | 0
27 | 205.389 | 0
28 | 211.386 | 0
29 | 232.827 | 0
30 | 619.2 | 0
31 | 511.648 | 0
32 | 393.448 | 0
33 | 210.324 | 0
34 | 545.789 | 0
35 | 210.849 | 0
36 | 406.693 | 0
37 | 199.561 | 0
38 | 513.253 | 0
39 | 216.615 | 0
40 | 221.48 | 0
41 | 516.451 | 0
42 | 234.031 | 0
43 | 268.875 | 0
44 | 616.19 | 0
45 | 217.736 | 0
46 | 220.655 | 0
47 | 522.096 | 0
48 | 181.575 | 0
49 | 406.647 | 0
50 | 566.592 | 0
51 | 511.043 | 0
52 | 531.563 | 0
53 | 526.296 | 0
54 | 228.572 | 0
55 | 259.552 | 0
56 | 532.477 | 0
57 | 211.543 | 0
58 | 571.471 | 0
59 | 203.108 | 0
60 | 573.775 | 0
61 | 204.22 | 0
62 | 538.474 | 0
63 | 223.453 | 0
64 | 526.736 | 0
65 | 399.837 | 0
66 | 226.025 | 0
67 | 209.17 | 0
68 | 214.243 | 0
69 | 403.562 | 0
70 | 568.783 | 0
71 | 225.678 | 0
72 | 607.29 | 0
73 | 633.465 | 0
74 | 193.596 | 0
75 | 190.963 | 0
76 | 604.802 | 0
77 | 267.945 | 0
78 | 520.631 | 0
79 | 244.731 | 0
80 | 218.853 | 0
81 | 220.491 | 0
82 | 617.211 | 0
83 | 261.981 | 0
84 | 186.914 | 0
85 | 527.017 | 0
86 | 623.407 | 0
87 | 216.704 | 0
88 | 213.855 | 0
89 | 609.949 | 0
90 | 184.436 | 0
91 | 225.137 | 0
92 | 217.094 | 0
93 | 214.236 | 0
94 | 187.01 | 0
95 | 199.144 | 0
96 | 260.753 | 0
97 | 616.635 | 0
98 | 222.501 | 0
99 | 206.264 | 0
100 | 276.626 | 0
101 | 571.732 | 0
102 | 520.164 | 0
103 | 201.78 | 0
104 | 193.397 | 0
105 | 214.257 | 0
106 | 561.531 | 0
107 | 218.236 | 0
108 | 224.015 | 0
109 | 168.551 | 0

4
0 | 635.18 | 0
1 | 410.618 | 0
2 | 635.681 | 0
3 | 359.459 | 0
4 | 430.193 | 0
5 | 260.909 | 0
6 | 263.887 | 0
7 | 424.106 | 0
8 | 241.504 | 0
9 | 370.731 | 0
10 | 418.438 | 0
11 | 643.062 | 0
12 | 629.015 | 0
13 | 553.283 | 0
14 | 372.643 | 0
15 | 267.199 | 0
16 | 483.653 | 0
17 | 264.148 | 0
18 | 469.379 | 0
19 | 163.943 | 0
20 | 156.575 | 0
21 | 145.012 | 0
22 | 627.134 | 0
23 | 162.986 | 0
24 | 492.964 | 0
25 | 618.096 | 0
26 | 425.759 | 0
27 | 242.21 | 0
28 | 235.932 | 0
29 | 269.968 | 0
30 | 238.411 | 0
31 | 476.835 | 0
32 | 422.365 | 0
33 | 237.282 | 0
34 | 382.177 | 0
35 | 442.566 | 0
36 | 432.645 | 0
37 | 571.139 | 0
38 | 457.765 | 0
39 | 622.979 | 0
40 | 633.969 | 0
41 | 476.166 | 0
42 | 643.033 | 0
43 | 630.156 | 0
44 | 237.932 | 0
45 | 231.337 | 0
46 | 452.372 | 0
47 | 466.773 | 0
48 | 554.671 | 0
49 | 428.181 | 0
50 | 145.867 | 0
51 | 468.429 | 0
52 | 369.055 | 0
53 | 481.627 | 0
54 | 636.46 | 0
55 | 615.996 | 0
56 | 361.594 | 0
57 | 237.148 | 0
58 | 150.55 | 0
59 | 244.716 | 0
60 | 152.174 | 0
61 | 446.888 | 0
62 | 370.594 | 0
63 | 277.592 | 0
64 | 374.455 | 0
65 | 428.108 | 0
66 | 273.106 | 0
67 | 238.902 | 0
68 | 276.618 | 0
69 | 426.117 | 0
70 | 154.341 | 0
71 | 639.962 | 0
72 | 221.937 | 0
73 | 242.361 | 0
74 | 571.05 | 0
75 | 558.739 | 0
76 | 230.982 | 0
77 | 632.708 | 0
78 | 471.101 | 0
79 | 260.841 | 0
80 | 628.653 | 0
81 | 440.512 | 0
82 | 233.342 | 0
83 | 616.93 | 0
84 | 561.685 | 0
85 | 373.074 | 0
86 | 234.458 | 0
87 | 456.528 | 0
88 | 234.375 | 0
89 | 233.084 | 0
90 | 557.902 | 0
91 | 223.346 | 0
92 | 448.052 | 0
93 | 450.159 | 0
94 | 551.256 | 0
95 | 462.762 | 0
96 | 617.017 | 0
97 | 235.551 | 0
98 | 635.886 | 0
99 | 444.722 | 0
100 | 630.653 | 0
101 | 155.425 | 0
102 | 368.417 | 0
103 | 439.238 | 0
104 | 562.547 | 0
105 | 233.754 | 0
106 | 143.353 | 0
107 | 629.102 | 0
108 | 265.89 | 0
109 | 544.018 | 0

5
0 | 245.228 | 0
1 | 501.223 | 0
2 | 146.58 | 0
3 | 652.942 | 0
4 | 505.261 | 0
5 | 376.654 | 0
6 | 377.563 | 0
7 | 506.752 | 0
8 | 773.837 | 0
9 | 652.352 | 0
10 | 508.921 | 0
11 | 172.395 | 0
12 | 250.067 | 0
13 | 177.049 | 0
14 | 660.04 | 0
15 | 366.724 | 0
16 | 627.066 | 0
17 | 369.48 | 0
18 | 618.111 | 0
19 | 733.447 | 0
20 | 723.197 | 0
21 | 714.799 | 0
22 | 244.329 | 0
23 | 721.991 | 0
24 | 629.486 | 0
25 | 246.685 | 0
26 | 508.954 | 0
27 | 358.411 | 0
28 | 364.228 | 0
29 | 370.793 | 0
30 | 768.254 | 0
31 | 611.022 | 0
32 | 494.713 | 0
33 | 363.345 | 0
34 | 669.65 | 0
35 | 284.197 | 0
36 | 506.177 | 0
37 | 192.3 | 0
38 | 617.596 | 0
39 | 157.73 | 0
40 | 151.273 | 0
41 | 616.623 | 0
42 | 163.751 | 0
43 | 239.45 | 0
44 | 765.078 | 0
45 | 370.733 | 0
46 | 288.511 | 0
47 | 625.337 | 0
48 | 184.035 | 0
49 | 507.378 | 0
50 | 716.537 | 0
51 | 612.476 | 0
52 | 656.487 | 0
53 | 626.385 | 0
54 | 162.125 | 0
55 | 238.133 | 0
56 | 658.805 | 0
57 | 364.56 | 0
58 | 721.366 | 0
59 | 356.146 | 0
60 | 723.704 | 0
61 | 275.418 | 0
62 | 663.743 | 0
63 | 361.064 | 0
64 | 650.245 | 0
65 | 500.005 | 0
66 | 364.414 | 0
67 | 362.211 | 0
68 | 354.066 | 0
69 | 504.603 | 0
70 | 718.096 | 0
71 | 150.898 | 0
72 | 756.927 | 0
73 | 783.178 | 0
74 | 183.617 | 0
75 | 192.862 | 0
76 | 753.523 | 0
77 | 235.582 | 0
78 | 622.617 | 0
79 | 383.025 | 0
80 | 153.894 | 0
81 | 294.648 | 0
82 | 766.562 | 0
83 | 240.967 | 0
84 | 184.066 | 0
85 | 650.805 | 0
86 | 773.084 | 0
87 | 282.277 | 0
88 | 366.893 | 0
89 | 758.832 | 0
90 | 184.601 | 0
91 | 378.171 | 0
92 | 287.323 | 0
93 | 283.36 | 0
94 | 194.972 | 0
95 | 261.165 | 0
96 | 239.025 | 0
97 | 765.759 | 0
98 | 150.466 | 0
99 | 278.595 | 0
100 | 251.004 | 0
101 | 721.177 | 0
102 | 644.203 | 0
103 | 277.341 | 0
104 | 192.375 | 0
105 | 367.297 | 0
106 | 711.315 | 0
107 | 151.959 | 0
108 | 364.839 | 0
109 | 177.637 | 0

6
0 | 391.832 | 0
1 | 349.663 | 0
2 | 366.434 | 0
3 | 430.124 | 0
4 | 364.743 | 0
5 | 109.808 | 0
6 | 114.607 | 0
7 | 361.914 | 0
8 | 477.208 | 0
9 | 434.839 | 0
10 | 359.842 | 0
11 | 378.76 | 0
12 | 388.115 | 0
13 | 296.234 | 0
14 | 441.207 | 0
15 | 101.753 | 0
16 | 474.789 | 0
17 | 102.347 | 0
18 | 461.311 | 0
19 | 422.692 | 0
20 | 412.704 | 0
21 | 403.572 | 0
22 | 384.675 | 0
23 | 412.819 | 0
24 | 481.394 | 0
25 | 377.669 | 0
26 | 364.434 | 0
27 | 46.8368 | 0
28 | 49.9763 | 0
29 | 111.523 | 0
30 | 472.087 | 0
31 | 460.874 | 0
32 | 352.672 | 0
33 | 51.4408 | 0
34 | 452.37 | 0
35 | 221.244 | 0
36 | 366.901 | 0
37 | 318.158 | 0
38 | 454.688 | 0
39 | 357.279 | 0
40 | 365.869 | 0
41 | 464.069 | 0
42 | 376.759 | 0
43 | 385.736 | 0
44 | 469.531 | 0
45 | 62.4862 | 0
46 | 233.644 | 0
47 | 464.549 | 0
48 | 299.75 | 0
49 | 364.893 | 0
50 | 405.208 | 0
51 | 457.175 | 0
52 | 437.032 | 0
53 | 473.255 | 0
54 | 370.502 | 0
55 | 373.094 | 0
56 | 435.321 | 0
57 | 56.1147 | 0
58 | 410.121 | 0
59 | 45.8035 | 0
60 | 412.392 | 0
61 | 220.668 | 0
62 | 442.92 | 0
63 | 106.185 | 0
64 | 435.057 | 0
65 | 359.906 | 0
66 | 105.625 | 0
67 | 52.1557 | 0
68 | 93.6051 | 0
69 | 361.731 | 0
70 | 407.963 | 0
71 | 371.211 | 0
72 | 458.799 | 0
73 | 484.508 | 0
74 | 315.466 | 0
75 | 306.481 | 0
76 | 458.704 | 0
77 | 386.737 | 0
78 | 465.137 | 0
79 | 119.304 | 0
80 | 361.602 | 0
81 | 225.322 | 0
82 | 469.36 | 0
83 | 374.812 | 0
84 | 306.59 | 0
85 | 434.816 | 0
86 | 474.64 | 0
87 | 234.34 | 0
88 | 56.864 | 0
89 | 463.377 | 0
90 | 303.08 | 0
91 | 67.8112 | 0
92 | 228.638 | 0
93 | 228.518 | 0
94 | 299.915 | 0
95 | 229.481 | 0
96 | 374.265 | 0
97 | 469.372 | 0
98 | 367.435 | 0
99 | 220.228 | 0
100 | 389.81 | 0
101 | 410.782 | 0
102 | 427.928 | 0
103 | 213.758 | 0
104 | 309.989 | 0
105 | 56.5636 | 0
106 | 400.297 | 0
107 | 361.59 | 0
108 | 96.9199 | 0
109 | 287.187 | 0

7
0 | 490.358 | 0
1 | 446.161 | 0
2 | 451.542 | 0
3 | 500.412 | 0
4 | 462.631 | 0
5 | 5.69008 | 1
6 | 6.63716 | 1
7 | 459.123 | 0
8 | 492.978 | 0
9 | 507.114 | 0
10 | 456.323 | 0
11 | 467.291 | 0
12 | 487.55 | 0
13 | 391.619 | 0
14 | 512.603 | 0
15 | 6.84993 | 1
16 | 565.672 | 0
17 | 6.61442 | 1
18 | 551.627 | 0
19 | 369.897 | 0
20 | 359.423 | 0
21 | 352.408 | 0
22 | 483.661 | 0
23 | 356.455 | 0
24 | 573.005 | 0
25 | 477.475 | 0
26 | 461.584 | 0
27 | 118.429 | 0
28 | 109.119 | 0
29 | 4.50203 | 1
30 | 488.664 | 0
31 | 552.762 | 0
32 | 450.849 | 0
33 | 118.652 | 0
34 | 523.847 | 0
35 | 176.985 | 0
36 | 464.917 | 0
37 | 414.749 | 0
38 | 543.757 | 0
39 | 445.441 | 0
40 | 451.942 | 0
41 | 555.284 | 0
42 | 463.933 | 0
43 | 484.01 | 0
44 | 486.995 | 0
45 | 130.813 | 0
46 | 187.423 | 0
47 | 553.76 | 0
48 | 396.045 | 0
49 | 462.408 | 0
50 | 354.297 | 0
51 | 548.009 | 0
52 | 508.385 | 0
53 | 563.994 | 0
54 | 458.087 | 0
55 | 472.18 | 0
56 | 505.042 | 0
57 | 128.09 | 0
58 | 358.874 | 0
59 | 121.093 | 0
60 | 361.287 | 0
61 | 180.806 | 0
62 | 513.388 | 0
63 | 11.5753 | 0
64 | 508.265 | 0
65 | 458.094 | 0
66 | 7.4051 | 1
67 | 123.486 | 0
68 | 18.4882 | 0
69 | 459.322 | 0
70 | 353.881 | 0
71 | 456.595 | 0
72 | 473.452 | 0
73 | 497.3 | 0
74 | 410.93 | 0
75 | 403.75 | 0
76 | 477.556 | 0
77 | 484.416 | 0
78 | 555.141 | 0
79 | 12.2263 | 0
80 | 448.628 | 0
81 | 175.922 | 0
82 | 484.747 | 0
83 | 474.125 | 0
84 | 402.576 | 0
85 | 507.714 | 0
86 | 488.158 | 0
87 | 191.098 | 0
88 | 125.02 | 0
89 | 481.235 | 0
90 | 399.31 | 0
91 | 128.127 | 0
92 | 182.883 | 0
93 | 184.685 | 0
94 | 397.782 | 0
95 | 196.357 | 0
96 | 473.377 | 0
97 | 485.797 | 0
98 | 453.177 | 0
99 | 178.784 | 0
100 | 489.229 | 0
101 | 357.29 | 0
102 | 501.074 | 0
103 | 173.123 | 0
104 | 407.018 | 0
105 | 123.239 | 0
106 | 348.626 | 0
107 | 448.258 | 0
108 | 11.644 | 0
109 | 383.003 | 0

8
0 | 362.92 | 0
1 | 11.4912 | 0
2 | 431.325 | 0
3 | 185.884 | 0
4 | 8.24871 | 1
5 | 453.985 | 0
6 | 459.585 | 0
7 | 4.60363 | 1
8 | 419.909 | 0
9 | 179.097 | 0
10 | 8.17846 | 1
11 | 420.673 | 0
12 | 353.581 | 0
13 | 345.281 | 0
14 | 186.596 | 0
15 | 449.169 | 0
16 | 127.012 | 0
17 | 448.495 | 0
18 | 116.557 | 0
19 | 581.61 | 0
20 | 575.717 | 0
21 | 563.967 | 0
22 | 355.61 | 0
23 | 583.6 | 0
24 | 131.171 | 0
25 | 345.378 | 0
26 | 7.09879 | 1
27 | 336.672 | 0
28 | 346.262 | 0
29 | 459.128 | 0
30 | 414.155 | 0
31 | 111.235 | 0
32 | 7.76142 | 1
33 | 336.629 | 0
34 | 192.586 | 0
35 | 568.395 | 0
36 | 10.7439 | 0
37 | 344.997 | 0
38 | 115.287 | 0
39 | 411.29 | 0
40 | 426.324 | 0
41 | 116.164 | 0
42 | 426.696 | 0
43 | 361.846 | 0
44 | 409.706 | 0
45 | 325.103 | 0
46 | 580.696 | 0
47 | 123.26 | 0
48 | 340.722 | 0
49 | 7.31124 | 1
50 | 564.468 | 0
51 | 111.127 | 0
52 | 184.537 | 0
53 | 126.026 | 0
54 | 421.185 | 0
55 | 349.24 | 0
56 | 191.137 | 0
57 | 327.226 | 0
58 | 568.748 | 0
59 | 334.021 | 0
60 | 569.981 | 0
61 | 565.592 | 0
62 | 191.78 | 0
63 | 456.884 | 0
64 | 174.846 | 0
65 | 6.90519 | 1
66 | 454.885 | 0
67 | 331.713 | 0
68 | 445.033 | 0
69 | 4.3371 | 1
70 | 574.377 | 0
71 | 432.599 | 0
72 | 412.61 | 0
73 | 434.165 | 0
74 | 351.328 | 0
75 | 336.467 | 0
76 | 398.789 | 0
77 | 366.965 | 0
78 | 121.021 | 0
79 | 462.583 | 0
80 | 419.318 | 0
81 | 574.571 | 0
82 | 416.44 | 0
83 | 348.176 | 0
84 | 344.917 | 0
85 | 176.174 | 0
86 | 425.725 | 0
87 | 579.758 | 0
88 | 330.513 | 0
89 | 404.779 | 0
90 | 342.2 | 0
91 | 329.163 | 0
92 | 575.879 | 0
93 | 574.786 | 0
94 | 330.374 | 0
95 | 569.402 | 0
96 | 349.581 | 0
97 | 413.037 | 0
98 | 428.793 | 0
99 | 566.04 | 0
100 | 354.562 | 0
101 | 574.888 | 0
102 | 171.425 | 0
103 | 559.813 | 0
104 | 339.234 | 0
105 | 332.35 | 0
106 | 562.963 | 0
107 | 421.104 | 0
108 | 444.196 | 0
109 | 339.929 | 0

9
0 | 731.391 | 0
1 | 406.018 | 0
2 | 762.109 | 0
3 | 262.018 | 0
4 | 422.183 | 0
5 | 476.543 | 0
6 | 480.505 | 0
7 | 415.615 | 0
8 | 11.5208 | 0
9 | 274.45 | 0
10 | 409.105 | 0
11 | 762.356 | 0
12 | 723.321 | 0
13 | 671.714 | 0
14 | 271.269 | 0
15 | 480.813 | 0
16 | 413.067 | 0
17 | 477.985 | 0
18 | 402.076 | 0
19 | 286.301 | 0
20 | 287.865 | 0
21 | 279.378 | 0
22 | 723.195 | 0
23 | 300.45 | 0
24 | 422.188 | 0
25 | 713.003 | 0
26 | 416.003 | 0
27 | 419.831 | 0
28 | 418.346 | 0
29 | 485.712 | 0
30 | 9.38093 | 1
31 | 414.032 | 0
32 | 420.4 | 0
33 | 415.307 | 0
34 | 275.24 | 0
35 | 658.017 | 0
36 | 424.039 | 0
37 | 683.498 | 0
38 | 389.661 | 0
39 | 745.5 | 0
40 | 758.918 | 0
41 | 410.326 | 0
42 | 764.908 | 0
43 | 727.936 | 0
44 | 11.6648 | 0
45 | 404.409 | 0
46 | 668.83 | 0
47 | 395.297 | 0
48 | 670.732 | 0
49 | 419.147 | 0
50 | 278.338 | 0
51 | 404.07 | 0
52 | 269.82 | 0
53 | 411.175 | 0
54 | 758.367 | 0
55 | 713.585 | 0
56 | 260.181 | 0
57 | 410.845 | 0
58 | 279.63 | 0
59 | 420.931 | 0
60 | 279.066 | 0
61 | 661.113 | 0
62 | 266.5 | 0
63 | 491.799 | 0
64 | 279.867 | 0
65 | 422.983 | 0
66 | 487.401 | 0
67 | 414.554 | 0
68 | 487.899 | 0
69 | 418.663 | 0
70 | 291.003 | 0
71 | 765.416 | 0
72 | 8.23202 | 1
73 | 19.5476 | 0
74 | 686.154 | 0
75 | 671.643 | 0
76 | 17.9625 | 0
77 | 731.86 | 0
78 | 401.54 | 0
79 | 478.539 | 0
80 | 752.545 | 0
81 | 657.485 | 0
82 | 3.36774 | 1
83 | 713.64 | 0
84 | 677.207 | 0
85 | 278.01 | 0
86 | 9.82926 | 1
87 | 672.19 | 0
88 | 409.816 | 0
89 | 12.7236 | 0
90 | 673.526 | 0
91 | 398.866 | 0
92 | 664.192 | 0
93 | 665.772 | 0
94 | 664.043 | 0
95 | 675.319 | 0
96 | 714.355 | 0
97 | 7.17588 | 1
98 | 761.19 | 0
99 | 659.369 | 0
100 | 724.744 | 0
101 | 288.675 | 0
102 | 277.541 | 0
103 | 653.421 | 0
104 | 675.356 | 0
105 | 410.097 | 0
106 | 281.47 | 0
107 | 753.583 | 0
108 | 478.377 | 0
109 | 663.177 | 0

10
0 | 160.85 | 0
1 | 253.134 | 0
2 | 188.874 | 0
3 | 417.184 | 0
4 | 255.431 | 0
5 | 354.385 | 0
6 | 358.657 | 0
7 | 257.414 | 0
8 | 585.374 | 0
9 | 414.573 | 0
10 | 260.117 | 0
11 | 185.578 | 0
12 | 154.494 | 0
13 | 97.7165 | 0
14 | 422.404 | 0
15 | 345.384 | 0
16 | 376.362 | 0
17 | 346.526 | 0
18 | 367.834 | 0
19 | 633.486 | 0
20 | 624.595 | 0
21 | 613.902 | 0
22 | 152.741 | 0
23 | 627.765 | 0
24 | 378.552 | 0
25 | 143.578 | 0
26 | 259.506 | 0
27 | 262.405 | 0
28 | 273.338 | 0
29 | 354.479 | 0
30 | 579.438 | 0
31 | 360.324 | 0
32 | 245.398 | 0
33 | 266.042 | 0
34 | 431.032 | 0
35 | 388.963 | 0
36 | 256.186 | 0
37 | 106.082 | 0
38 | 367.947 | 0
39 | 170.502 | 0
40 | 184.849 | 0
41 | 366.03 | 0
42 | 189.034 | 0
43 | 156.072 | 0
44 | 575.576 | 0
45 | 263.71 | 0
46 | 399.711 | 0
47 | 375.34 | 0
48 | 95.1486 | 0
49 | 257.721 | 0
50 | 615.172 | 0
51 | 362.14 | 0
52 | 419.247 | 0
53 | 375.741 | 0
54 | 182.671 | 0
55 | 141.764 | 0
56 | 423.031 | 0
57 | 260.462 | 0
58 | 620.109 | 0
59 | 258.846 | 0
60 | 622.088 | 0
61 | 383.223 | 0
62 | 426.694 | 0
63 | 347.408 | 0
64 | 411.715 | 0
65 | 250.275 | 0
66 | 347.95 | 0
67 | 261.789 | 0
68 | 335.208 | 0
69 | 255.077 | 0
70 | 620.945 | 0
71 | 191.41 | 0
72 | 571.537 | 0
73 | 597.213 | 0
74 | 109.506 | 0
75 | 94.5689 | 0
76 | 563.672 | 0
77 | 158.995 | 0
78 | 372.344 | 0
79 | 363.782 | 0
80 | 178.077 | 0
81 | 397.875 | 0
82 | 579.294 | 0
83 | 142.564 | 0
84 | 101.04 | 0
85 | 412.539 | 0
86 | 587.297 | 0
87 | 396.441 | 0
88 | 264.487 | 0
89 | 569.544 | 0
90 | 97.5623 | 0
91 | 272.057 | 0
92 | 395.725 | 0
93 | 393.272 | 0
94 | 87.1194 | 0
95 | 380.202 | 0
96 | 142.748 | 0
97 | 577.38 | 0
98 | 187.254 | 0
99 | 384.882 | 0
100 | 156.128 | 0
101 | 623.003 | 0
102 | 406.348 | 0
103 | 379.769 | 0
104 | 98.1753 | 0
105 | 266.048 | 0
106 | 611.355 | 0
107 | 179.431 | 0
108 | 340.897 | 0
109 | 90.5421 | 0

11
0 | 545.089 | 0
1 | 432.342 | 0
2 | 520.273 | 0
3 | 452.682 | 0
4 | 450.646 | 0
5 | 88.0656 | 0
6 | 90.1876 | 0
7 | 446.066 | 0
8 | 409.142 | 0
9 | 461.105 | 0
10 | 442.121 | 0
11 | 533.161 | 0
12 | 540.968 | 0
13 | 450.598 | 0
14 | 465.584 | 0
15 | 95.8954 | 0
16 | 539.815 | 0
17 | 92.7952 | 0
18 | 525.297 | 0
19 | 279.155 | 0
20 | 268.766 | 0
21 | 261.079 | 0
22 | 537.755 | 0
23 | 266.836 | 0
24 | 548.03 | 0
25 | 530.371 | 0
26 | 448.344 | 0
27 | 132.189 | 0
28 | 121.069 | 0
29 | 96.718 | 0
30 | 405.239 | 0
31 | 528.651 | 0
32 | 439.772 | 0
33 | 128.932 | 0
34 | 476.597 | 0
35 | 267.68 | 0
36 | 453.087 | 0
37 | 472.251 | 0
38 | 515.905 | 0
39 | 511.611 | 0
40 | 519.895 | 0
41 | 530.141 | 0
42 | 530.986 | 0
43 | 539.113 | 0
44 | 403.982 | 0
45 | 133.876 | 0
46 | 277.283 | 0
47 | 525.857 | 0
48 | 453.952 | 0
49 | 449.774 | 0
50 | 262.91 | 0
51 | 522.496 | 0
52 | 461.443 | 0
53 | 537.971 | 0
54 | 524.778 | 0
55 | 526.17 | 0
56 | 456.639 | 0
57 | 135.706 | 0
58 | 267.609 | 0
59 | 135.767 | 0
60 | 269.997 | 0
61 | 272.289 | 0
62 | 465.458 | 0
63 | 105.281 | 0
64 | 463.144 | 0
65 | 446.794 | 0
66 | 100.901 | 0
67 | 133.537 | 0
68 | 107.106 | 0
69 | 446.921 | 0
70 | 263.445 | 0
71 | 525.117 | 0
72 | 389.443 | 0
73 | 412.18 | 0
74 | 469.781 | 0
75 | 460.439 | 0
76 | 395.322 | 0
77 | 540.331 | 0
78 | 528.293 | 0
79 | 86.5292 | 0
80 | 515.782 | 0
81 | 265.373 | 0
82 | 400.871 | 0
83 | 527.774 | 0
84 | 460.834 | 0
85 | 462.301 | 0
86 | 403.456 | 0
87 | 281.563 | 0
88 | 131.589 | 0
89 | 398.491 | 0
90 | 457.286 | 0
91 | 126.423 | 0
92 | 273.02 | 0
93 | 275.219 | 0
94 | 453.726 | 0
95 | 288.601 | 0
96 | 527.325 | 0
97 | 402.35 | 0
98 | 521.402 | 0
99 | 270.019 | 0
100 | 542.665 | 0
101 | 266.686 | 0
102 | 456.101 | 0
103 | 264.685 | 0
104 | 463.999 | 0
105 | 129.847 | 0
106 | 257.414 | 0
107 | 515.711 | 0
108 | 95.8167 | 0
109 | 441.504 | 0

12
0 | 239.91 | 0
1 | 365.921 | 0
2 | 342.511 | 0
3 | 530.583 | 0
4 | 350.032 | 0
5 | 675.046 | 0
6 | 679.588 | 0
7 | 356.544 | 0
8 | 775.819 | 0
9 | 520.893 | 0
10 | 363.034 | 0
11 | 317.11 | 0
12 | 235.176 | 0
13 | 324.153 | 0
14 | 527.257 | 0
15 | 666.435 | 0
16 | 401.122 | 0
17 | 667.356 | 0
18 | 404.502 | 0
19 | 909.681 | 0
20 | 902.229 | 0
21 | 890.723 | 0
22 | 240.913 | 0
23 | 907.977 | 0
24 | 395.561 | 0
25 | 239.464 | 0
26 | 356.293 | 0
27 | 573.513 | 0
28 | 584.826 | 0
29 | 675.811 | 0
30 | 770.065 | 0
31 | 391.13 | 0
32 | 351.545 | 0
33 | 576.307 | 0
34 | 529.672 | 0
35 | 702.896 | 0
36 | 348.277 | 0
37 | 302.16 | 0
38 | 413.997 | 0
39 | 328.201 | 0
40 | 337.057 | 0
41 | 397.172 | 0
42 | 326.394 | 0
43 | 245.664 | 0
44 | 765.617 | 0
45 | 570.833 | 0
46 | 712.601 | 0
47 | 413.888 | 0
48 | 317.05 | 0
49 | 353.126 | 0
50 | 891.604 | 0
51 | 399.839 | 0
52 | 526.479 | 0
53 | 402.178 | 0
54 | 326.219 | 0
55 | 247.924 | 0
56 | 534.877 | 0
57 | 569.083 | 0
58 | 896.294 | 0
59 | 569.96 | 0
60 | 897.908 | 0
61 | 696.205 | 0
62 | 532.773 | 0
63 | 669.172 | 0
64 | 515.738 | 0
65 | 349.02 | 0
66 | 669.44 | 0
67 | 571.522 | 0
68 | 656.807 | 0
69 | 353.448 | 0
70 | 899.735 | 0
71 | 339.224 | 0
72 | 768.349 | 0
73 | 790.071 | 0
74 | 310.191 | 0
75 | 307.051 | 0
76 | 754.685 | 0
77 | 249.571 | 0
78 | 407.466 | 0
79 | 684.52 | 0
80 | 333.089 | 0
81 | 712.511 | 0
82 | 772.325 | 0
83 | 245.087 | 0
84 | 313.67 | 0
85 | 517.425 | 0
86 | 781.598 | 0
87 | 708.469 | 0
88 | 573.198 | 0
89 | 760.68 | 0
90 | 314.944 | 0
91 | 578.428 | 0
92 | 709.11 | 0
93 | 706.198 | 0
94 | 308.969 | 0
95 | 690.21 | 0
96 | 246.939 | 0
97 | 768.941 | 0
98 | 338.435 | 0
99 | 698.291 | 0
100 | 234.182 | 0
101 | 901.012 | 0
102 | 514.56 | 0
103 | 693.824 | 0
104 | 305.712 | 0
105 | 574.971 | 0
106 | 888.951 | 0
107 | 335.198 | 0
108 | 661.791 | 0
109 | 328.669 | 0

13
0 | 781.625 | 0
1 | 562.567 | 0
2 | 773.177 | 0
3 | 490.323 | 0
4 | 582.061 | 0
5 | 350.86 | 0
6 | 351.625 | 0
7 | 575.83 | 0
8 | 297.714 | 0
9 | 502.499 | 0
10 | 569.978 | 0
11 | 782.92 | 0
12 | 775.973 | 0
13 | 695.139 | 0
14 | 502.943 | 0
15 | 359.819 | 0
16 | 625.908 | 0
17 | 356.789 | 0
18 | 612.067 | 0
19 | 13.482 | 0
20 | 2.98256 | 1
21 | 10.4024 | 0
22 | 773.721 | 0
23 | 12.1314 | 0
24 | 635.372 | 0
25 | 765.066 | 0
26 | 577.364 | 0
27 | 373.316 | 0
28 | 364.658 | 0
29 | 358.543 | 0
30 | 297.708 | 0
31 | 620.678 | 0
32 | 574.756 | 0
33 | 368.645 | 0
34 | 511.156 | 0
35 | 516.399 | 0
36 | 584.482 | 0
37 | 714.443 | 0
38 | 599.996 | 0
39 | 762.107 | 0
40 | 772.034 | 0
41 | 619.332 | 0
42 | 782.016 | 0
43 | 776.302 | 0
44 | 299.594 | 0
45 | 366.124 | 0
46 | 523.667 | 0
47 | 608.438 | 0
48 | 697.218 | 0
49 | 579.906 | 0
50 | 10.6032 | 0
51 | 611.751 | 0
52 | 499.845 | 0
53 | 623.869 | 0
54 | 775.551 | 0
55 | 762.383 | 0
56 | 491.34 | 0
57 | 371.02 | 0
58 | 8.85161 | 1
59 | 376.413 | 0
60 | 10.0558 | 0
61 | 522.716 | 0
62 | 499.942 | 0
63 | 367.931 | 0
64 | 506.902 | 0
65 | 580.256 | 0
66 | 363.843 | 0
67 | 371.5 | 0
68 | 371.782 | 0
69 | 577.987 | 0
70 | 3.49813 | 1
71 | 777.732 | 0
72 | 282.426 | 0
73 | 290.741 | 0
74 | 713.556 | 0
75 | 702.126 | 0
76 | 298.56 | 0
77 | 778.49 | 0
78 | 613.313 | 0
79 | 346.889 | 0
80 | 767.195 | 0
81 | 511.498 | 0
82 | 291.454 | 0
83 | 763.508 | 0
84 | 704.251 | 0
85 | 505.316 | 0
86 | 287.427 | 0
87 | 529.124 | 0
88 | 367.548 | 0
89 | 297.453 | 0
90 | 700.513 | 0
91 | 357.614 | 0
92 | 520.229 | 0
93 | 523.226 | 0
94 | 694.823 | 0
95 | 540.568 | 0
96 | 763.449 | 0
97 | 295.477 | 0
98 | 773.787 | 0
99 | 519.917 | 0
100 | 777.637 | 0
101 | 0.932223 | 1
102 | 501.675 | 0
103 | 515.608 | 0
104 | 705.888 | 0
105 | 366.473 | 0
106 | 11.1902 | 0
107 | 767.428 | 0
108 | 360.498 | 0
109 | 685.846 | 0

14
0 | 284.204 | 0
1 | 488.618 | 0
2 | 196.476 | 0
3 | 628.421 | 0
4 | 495.157 | 0
5 | 313.036 | 0
6 | 313.614 | 0
7 | 495.783 | 0
8 | 729.734 | 0
9 | 629.07 | 0
10 | 497.128 | 0
11 | 220.964 | 0
12 | 287.261 | 0
13 | 198.899 | 0
14 | 636.574 | 0
15 | 303.265 | 0
16 | 617.927 | 0
17 | 306.107 | 0
18 | 607.786 | 0
19 | 673.107 | 0
20 | 662.772 | 0
21 | 654.73 | 0
22 | 281.623 | 0
23 | 661.049 | 0
24 | 621.31 | 0
25 | 281.766 | 0
26 | 498.134 | 0
27 | 305.707 | 0
28 | 310.305 | 0
29 | 306.766 | 0
30 | 724.307 | 0
31 | 601.979 | 0
32 | 483.884 | 0
33 | 310.586 | 0
34 | 646.702 | 0
35 | 218.95 | 0
36 | 496.372 | 0
37 | 219.226 | 0
38 | 605.927 | 0
39 | 202.659 | 0
40 | 200.082 | 0
41 | 607.188 | 0
42 | 213.391 | 0
43 | 277.857 | 0
44 | 721.354 | 0
45 | 319.31 | 0
46 | 224.019 | 0
47 | 614.303 | 0
48 | 206.196 | 0
49 | 496.934 | 0
50 | 656.512 | 0
51 | 602.349 | 0
52 | 632.818 | 0
53 | 617.045 | 0
54 | 210.246 | 0
55 | 273.457 | 0
56 | 634.221 | 0
57 | 312.955 | 0
58 | 661.287 | 0
59 | 303.808 | 0
60 | 663.651 | 0
61 | 210.278 | 0
62 | 639.867 | 0
63 | 297.029 | 0
64 | 627.471 | 0
65 | 489.793 | 0
66 | 300.552 | 0
67 | 310.075 | 0
68 | 290.709 | 0
69 | 493.974 | 0
70 | 657.535 | 0
71 | 201.395 | 0
72 | 712.179 | 0
73 | 738.302 | 0
74 | 210.935 | 0
75 | 216.049 | 0
76 | 710.024 | 0
77 | 274.918 | 0
78 | 612.246 | 0
79 | 318.986 | 0
80 | 200.888 | 0
81 | 229.463 | 0
82 | 722.211 | 0
83 | 276.266 | 0
84 | 208.456 | 0
85 | 627.854 | 0
86 | 728.267 | 0
87 | 217.984 | 0
88 | 314.846 | 0
89 | 715.118 | 0
90 | 207.778 | 0
91 | 326.178 | 0
92 | 222.5 | 0
93 | 218.611 | 0
94 | 215.812 | 0
95 | 196.928 | 0
96 | 274.508 | 0
97 | 721.719 | 0
98 | 199.909 | 0
99 | 213.377 | 0
100 | 288.468 | 0
101 | 660.715 | 0
102 | 621.073 | 0
103 | 211.752 | 0
104 | 216.733 | 0
105 | 315.02 | 0
106 | 651.157 | 0
107 | 199.318 | 0
108 | 301.688 | 0
109 | 196.338 | 0

15
0 | 577.957 | 0
1 | 502.103 | 0
2 | 540.039 | 0
3 | 528.908 | 0
4 | 519.905 | 0
5 | 84.829 | 0
6 | 81.982 | 0
7 | 515.65 | 0
8 | 475.328 | 0
9 | 537.255 | 0
10 | 512.049 | 0
11 | 555.865 | 0
12 | 574.913 | 0
13 | 479.686 | 0
14 | 541.788 | 0
15 | 94.8559 | 0
16 | 613.2 | 0
17 | 92.8833 | 0
18 | 598.753 | 0
19 | 303.607 | 0
20 | 293.169 | 0
21 | 288.021 | 0
22 | 571.14 | 0
23 | 288.048 | 0
24 | 621.234 | 0
25 | 564.723 | 0
26 | 517.997 | 0
27 | 184.5 | 0
28 | 173.363 | 0
29 | 87.9673 | 0
30 | 471.826 | 0
31 | 601.607 | 0
32 | 508.681 | 0
33 | 182.739 | 0
34 | 552.817 | 0
35 | 226.206 | 0
36 | 522.306 | 0
37 | 502.656 | 0
38 | 589.666 | 0
39 | 534.015 | 0
40 | 540.477 | 0
41 | 603.341 | 0
42 | 552.493 | 0
43 | 571.661 | 0
44 | 470.938 | 0
45 | 191.521 | 0
46 | 233.517 | 0
47 | 599.651 | 0
48 | 483.976 | 0
49 | 519.239 | 0
50 | 290.021 | 0
51 | 595.762 | 0
52 | 537.641 | 0
53 | 611.389 | 0
54 | 546.655 | 0
55 | 559.621 | 0
56 | 532.89 | 0
57 | 191.317 | 0
58 | 294.155 | 0
59 | 187.879 | 0
60 | 296.577 | 0
61 | 232.619 | 0
62 | 541.697 | 0
63 | 97.2397 | 0
64 | 539.243 | 0
65 | 515.81 | 0
66 | 94.8253 | 0
67 | 187.807 | 0
68 | 107.055 | 0
69 | 516.298 | 0
70 | 287.25 | 0
71 | 545.101 | 0
72 | 455.628 | 0
73 | 477.085 | 0
74 | 499.011 | 0
75 | 491.516 | 0
76 | 462.987 | 0
77 | 572.197 | 0
78 | 601.869 | 0
79 | 76.3518 | 0
80 | 537.189 | 0
81 | 221.339 | 0
82 | 467.087 | 0
83 | 561.508 | 0
84 | 490.567 | 0
85 | 538.417 | 0
86 | 468.857 | 0
87 | 238.928 | 0
88 | 187.413 | 0
89 | 465.716 | 0
90 | 487.257 | 0
91 | 185.727 | 0
92 | 230.035 | 0
93 | 233.02 | 0
94 | 485.416 | 0
95 | 250.599 | 0
96 | 560.812 | 0
97 | 468.941 | 0
98 | 541.7 | 0
99 | 229.782 | 0
100 | 576.598 | 0
101 | 290.962 | 0
102 | 532.184 | 0
103 | 225.593 | 0
104 | 494.835 | 0
105 | 185.523 | 0
106 | 284.017 | 0
107 | 536.811 | 0
108 | 98.4533 | 0
109 | 470.992 | 0

16
0 | 462.707 | 0
1 | 122.233 | 0
2 | 540.422 | 0
3 | 146.05 | 0
4 | 114.56 | 0
5 | 554.289 | 0
6 | 559.935 | 0
7 | 113.943 | 0
8 | 408.369 | 0
9 | 133.923 | 0
10 | 113.06 | 0
11 | 527.407 | 0
12 | 453.224 | 0
13 | 457.715 | 0
14 | 138.157 | 0
15 | 550.625 | 0
16 | 9.58446 | 1
17 | 549.582 | 0
18 | 5.94308 | 1
19 | 623.345 | 0
20 | 619.149 | 0
21 | 607.589 | 0
22 | 456.075 | 0
23 | 628.72 | 0
24 | 17.9763 | 0
25 | 446.271 | 0
26 | 111.562 | 0
27 | 438.692 | 0
28 | 447.218 | 0
29 | 560.333 | 0
30 | 403.311 | 0
31 | 10.088 | 0
32 | 125.791 | 0
33 | 437.868 | 0
34 | 136.915 | 0
35 | 681.029 | 0
36 | 113.447 | 0
37 | 454.954 | 0
38 | 18.4217 | 0
39 | 520.154 | 0
40 | 535.144 | 0
41 | 3.626 | 1
42 | 534.155 | 0
43 | 462.658 | 0
44 | 398.868 | 0
45 | 425.346 | 0
46 | 693.419 | 0
47 | 13.4777 | 0
48 | 452.625 | 0
49 | 112.731 | 0
50 | 607.71 | 0
51 | 8.10747 | 1
52 | 138.924 | 0
53 | 7.97815 | 1
54 | 529.058 | 0
55 | 451.268 | 0
56 | 148.477 | 0
57 | 428.454 | 0
58 | 611.443 | 0
59 | 436.448 | 0
60 | 612.263 | 0
61 | 678.721 | 0
62 | 143.386 | 0
63 | 559.239 | 0
64 | 128.441 | 0
65 | 119.907 | 0
66 | 556.775 | 0
67 | 433.228 | 0
68 | 547.972 | 0
69 | 115.692 | 0
70 | 618.927 | 0
71 | 541.2 | 0
72 | 406.573 | 0
73 | 423.076 | 0
74 | 461.893 | 0
75 | 447.459 | 0
76 | 389.816 | 0
77 | 468.042 | 0
78 | 6.84433 | 1
79 | 562.314 | 0
80 | 528.185 | 0
81 | 686.679 | 0
82 | 407.166 | 0
83 | 449.813 | 0
84 | 456.228 | 0
85 | 130.302 | 0
86 | 416.493 | 0
87 | 692.86 | 0
88 | 431.289 | 0
89 | 395.268 | 0
90 | 453.796 | 0
91 | 428.056 | 0
92 | 688.53 | 0
93 | 687.666 | 0
94 | 441.891 | 0
95 | 683.506 | 0
96 | 451.428 | 0
97 | 403.003 | 0
98 | 537.592 | 0
99 | 678.976 | 0
100 | 453.971 | 0
101 | 618.711 | 0
102 | 130.279 | 0
103 | 672.656 | 0
104 | 449.926 | 0
105 | 433.025 | 0
106 | 607.343 | 0
107 | 530.093 | 0
108 | 545.773 | 0
109 | 453.084 | 0

17
0 | 709.416 | 0
1 | 432.455 | 0
2 | 722.685 | 0
3 | 332.218 | 0
4 | 451.136 | 0
5 | 375.734 | 0
6 | 378.884 | 0
7 | 444.574 | 0
8 | 139.12 | 0
9 | 344.754 | 0
10 | 438.263 | 0
11 | 727.195 | 0
12 | 702.349 | 0
13 | 636.047 | 0
14 | 344.218 | 0
15 | 381.67 | 0
16 | 475.409 | 0
17 | 378.65 | 0
18 | 462.319 | 0
19 | 167.248 | 0
20 | 166.644 | 0
21 | 156.785 | 0
22 | 701.21 | 0
23 | 178.66 | 0
24 | 484.911 | 0
25 | 691.558 | 0
26 | 445.669 | 0
27 | 344.073 | 0
28 | 339.628 | 0
29 | 384.844 | 0
30 | 137.692 | 0
31 | 472.275 | 0
32 | 445.977 | 0
33 | 339.183 | 0
34 | 351.479 | 0
35 | 557.743 | 0
36 | 453.388 | 0
37 | 651.547 | 0
38 | 449.901 | 0
39 | 708.252 | 0
40 | 720.351 | 0
41 | 470.064 | 0
42 | 728.235 | 0
43 | 705.013 | 0
44 | 138.642 | 0
45 | 330.933 | 0
46 | 567.662 | 0
47 | 457.53 | 0
48 | 636.445 | 0
49 | 448.542 | 0
50 | 156.087 | 0
51 | 462.812 | 0
52 | 341.497 | 0
53 | 473.387 | 0
54 | 721.612 | 0
55 | 690.6 | 0
56 | 332.493 | 0
57 | 337.193 | 0
58 | 158.281 | 0
59 | 346.052 | 0
60 | 158.206 | 0
61 | 561.919 | 0
62 | 340.684 | 0
63 | 392.223 | 0
64 | 349.543 | 0
65 | 450.39 | 0
66 | 387.736 | 0
67 | 339.839 | 0
68 | 390.634 | 0
69 | 447.175 | 0
70 | 168.76 | 0
71 | 726.607 | 0
72 | 121.302 | 0
73 | 136.016 | 0
74 | 652.628 | 0
75 | 639.218 | 0
76 | 135.395 | 0
77 | 708.189 | 0
78 | 462.966 | 0
79 | 375.986 | 0
80 | 714.549 | 0
81 | 555.838 | 0
82 | 131.73 | 0
83 | 691.163 | 0
84 | 643.321 | 0
85 | 347.844 | 0
86 | 130.046 | 0
87 | 571.742 | 0
88 | 335.091 | 0
89 | 135.369 | 0
90 | 639.532 | 0
91 | 323.761 | 0
92 | 563.308 | 0
93 | 565.362 | 0
94 | 631.584 | 0
95 | 577.578 | 0
96 | 691.525 | 0
97 | 135.104 | 0
98 | 722.431 | 0
99 | 559.805 | 0
100 | 703.913 | 0
101 | 167.048 | 0
102 | 345.019 | 0
103 | 554.253 | 0
104 | 643.036 | 0
105 | 334.84 | 0
106 | 158.228 | 0
107 | 715.245 | 0
108 | 380.118 | 0
109 | 626.969 | 0

18
0 | 542.637 | 0
1 | 175.853 | 0
2 | 604.015 | 0
3 | 15.21 | 0
4 | 184.041 | 0
5 | 508.49 | 0
6 | 513.984 | 0
7 | 178.779 | 0
8 | 275.736 | 0
9 | 4.4076 | 1
10 | 173.314 | 0
11 | 595.831 | 0
12 | 533.406 | 0
13 | 514.698 | 0
14 | 5.31492 | 1
15 | 507.165 | 0
16 | 137.861 | 0
17 | 505.459 | 0
18 | 127.834 | 0
19 | 509.31 | 0
20 | 506.344 | 0
21 | 495.15 | 0
22 | 535.115 | 0
23 | 516.904 | 0
24 | 146.807 | 0
25 | 524.783 | 0
26 | 177.867 | 0
27 | 402.484 | 0
28 | 408.398 | 0
29 | 515.979 | 0
30 | 270.817 | 0
31 | 140.503 | 0
32 | 188.493 | 0
33 | 400.23 | 0
34 | 13.6135 | 0
35 | 660.451 | 0
36 | 184.871 | 0
37 | 517.845 | 0
38 | 115.758 | 0
39 | 584.47 | 0
40 | 599.379 | 0
41 | 136.128 | 0
42 | 601.136 | 0
43 | 541.169 | 0
44 | 266.407 | 0
45 | 386.775 | 0
46 | 672.834 | 0
47 | 120.365 | 0
48 | 511.059 | 0
49 | 180.845 | 0
50 | 495.006 | 0
51 | 130.559 | 0
52 | 5.94668 | 1
53 | 136.027 | 0
54 | 595.284 | 0
55 | 528.117 | 0
56 | 15.5237 | 0
57 | 391.478 | 0
58 | 498.288 | 0
59 | 401.19 | 0
60 | 498.811 | 0
61 | 659.87 | 0
62 | 10.8254 | 0
63 | 517.169 | 0
64 | 6.64778 | 1
65 | 187.333 | 0
66 | 513.896 | 0
67 | 396.444 | 0
68 | 507.545 | 0
69 | 181.976 | 0
70 | 506.904 | 0
71 | 605.824 | 0
72 | 274.95 | 0
73 | 290.415 | 0
74 | 523.332 | 0
75 | 508.168 | 0
76 | 257.766 | 0
77 | 546.139 | 0
78 | 126.799 | 0
79 | 515.117 | 0
80 | 592.403 | 0
81 | 664.263 | 0
82 | 274.898 | 0
83 | 527.24 | 0
84 | 516.034 | 0
85 | 5.52293 | 1
86 | 284.158 | 0
87 | 673.572 | 0
88 | 393.258 | 0
89 | 263.063 | 0
90 | 512.963 | 0
91 | 386.844 | 0
92 | 667.825 | 0
93 | 667.748 | 0
94 | 501.467 | 0
95 | 668.059 | 0
96 | 528.539 | 0
97 | 270.64 | 0
98 | 601.844 | 0
99 | 659.459 | 0
100 | 534.462 | 0
101 | 506.186 | 0
102 | 12.0423 | 0
103 | 652.99 | 0
104 | 511.277 | 0
105 | 394.678 | 0
106 | 495.44 | 0
107 | 594.033 | 0
108 | 502.757 | 0
109 | 508.21 | 0

19
0 | 523.498 | 0
1 | 178.062 | 0
2 | 570.963 | 0
3 | 77.4443 | 0
4 | 193.802 | 0
5 | 422.446 | 0
6 | 427.848 | 0
7 | 187.256 | 0
8 | 232.068 | 0
9 | 86.9485 | 0
10 | 180.754 | 0
11 | 566.452 | 0
12 | 514.763 | 0
13 | 479.727 | 0
14 | 90.5736 | 0
15 | 421.789 | 0
16 | 203.221 | 0
17 | 419.911 | 0
18 | 189.815 | 0
19 | 428.36 | 0
20 | 424.526 | 0
21 | 413.066 | 0
22 | 515.522 | 0
23 | 434.455 | 0
24 | 212.726 | 0
25 | 505.123 | 0
26 | 187.595 | 0
27 | 321.191 | 0
28 | 326.012 | 0
29 | 430.261 | 0
30 | 226.331 | 0
31 | 199.508 | 0
32 | 192.465 | 0
33 | 318.457 | 0
34 | 101.364 | 0
35 | 581.019 | 0
36 | 195.628 | 0
37 | 486.868 | 0
38 | 177.49 | 0
39 | 552.441 | 0
40 | 566.899 | 0
41 | 197.442 | 0
42 | 570.573 | 0
43 | 520.967 | 0
44 | 221.875 | 0
45 | 304.983 | 0
46 | 593.283 | 0
47 | 185.503 | 0
48 | 477.212 | 0
49 | 190.746 | 0
50 | 413.099 | 0
51 | 190.109 | 0
52 | 86.5364 | 0
53 | 201.187 | 0
54 | 564.33 | 0
55 | 507.06 | 0
56 | 81.1609 | 0
57 | 310.167 | 0
58 | 416.696 | 0
59 | 320.288 | 0
60 | 417.428 | 0
61 | 581.083 | 0
62 | 90.0554 | 0
63 | 432.09 | 0
64 | 89.8722 | 0
65 | 194.746 | 0
66 | 428.617 | 0
67 | 315.08 | 0
68 | 423.062 | 0
69 | 190.33 | 0
70 | 424.569 | 0
71 | 573.456 | 0
72 | 225.263 | 0
73 | 246.365 | 0
74 | 491.141 | 0
75 | 476.006 | 0
76 | 211.037 | 0
77 | 525.46 | 0
78 | 190.684 | 0
79 | 428.639 | 0
80 | 560.092 | 0
81 | 584.13 | 0
82 | 228.719 | 0
83 | 506.657 | 0
84 | 482.96 | 0
85 | 88.7223 | 0
86 | 238.037 | 0
87 | 594.49 | 0
88 | 311.506 | 0
89 | 217.006 | 0
90 | 479.555 | 0
91 | 304.086 | 0
92 | 588.277 | 0
93 | 588.488 | 0
94 | 468.765 | 0
95 | 590.486 | 0
96 | 507.669 | 0
97 | 225.252 | 0
98 | 569.313 | 0
99 | 580.428 | 0
100 | 516.029 | 0
101 | 424.18 | 0
102 | 83.3114 | 0
103 | 573.967 | 0
104 | 479.451 | 0
105 | 312.776 | 0
106 | 413.005 | 0
107 | 561.482 | 0
108 | 417.557 | 0
109 | 472.206 | 0

20
0 | 92.2994 | 0
1 | 343.345 | 0
2 | 91.9451 | 0
3 | 512.397 | 0
4 | 343.058 | 0
5 | 402.248 | 0
6 | 405.594 | 0
7 | 345.894 | 0
8 | 681.034 | 0
9 | 509.235 | 0
10 | 349.348 | 0
11 | 89.2763 | 0
12 | 91.0426 | 0
13 | 9.11807 | 1
14 | 517.072 | 0
15 | 392.405 | 0
16 | 460.233 | 0
17 | 394.176 | 0
18 | 453.134 | 0
19 | 712.081 | 0
20 | 702.742 | 0
21 | 692.515 | 0
22 | 86.408 | 0
23 | 704.816 | 0
24 | 461.301 | 0
25 | 82.273 | 0
26 | 347.772 | 0
27 | 329.704 | 0
28 | 339.645 | 0
29 | 400.281 | 0
30 | 675.119 | 0
31 | 444.365 | 0
32 | 334.096 | 0
33 | 334.021 | 0
34 | 525.345 | 0
35 | 392.583 | 0
36 | 343.467 | 0
37 | 15.837 | 0
38 | 454.629 | 0
39 | 73.3601 | 0
40 | 87.762 | 0
41 | 450.403 | 0
42 | 92.0925 | 0
43 | 85.7486 | 0
44 | 671.32 | 0
45 | 334.758 | 0
46 | 401.479 | 0
47 | 461.25 | 0
48 | 2.94392 | 1
49 | 345.644 | 0
50 | 693.919 | 0
51 | 447.332 | 0
52 | 514.047 | 0
53 | 459.843 | 0
54 | 85.6549 | 0
55 | 75.474 | 0
56 | 518.214 | 0
57 | 330.341 | 0
58 | 698.885 | 0
59 | 326.338 | 0
60 | 700.977 | 0
61 | 385.334 | 0
62 | 521.516 | 0
63 | 391.863 | 0
64 | 506.152 | 0
65 | 338.173 | 0
66 | 393.422 | 0
67 | 330.53 | 0
68 | 380.731 | 0
69 | 343.273 | 0
70 | 698.676 | 0
71 | 94.317 | 0
72 | 666.799 | 0
73 | 692.628 | 0
74 | 13.594 | 0
75 | 8.3387 | 1
76 | 659.418 | 0
77 | 85.6606 | 0
78 | 457.616 | 0
79 | 411.114 | 0
80 | 80.9536 | 0
81 | 402.596 | 0
82 | 674.802 | 0
83 | 77.8445 | 0
84 | 4.23349 | 1
85 | 507.058 | 0
86 | 682.66 | 0
87 | 396.885 | 0
88 | 334.064 | 0
89 | 665.246 | 0
90 | 0.44087 | 1
91 | 343.308 | 0
92 | 398.344 | 0
93 | 395.172 | 0
94 | 11.5966 | 0
95 | 377.802 | 0
96 | 76.6801 | 0
97 | 673.007 | 0
98 | 90.1816 | 0
99 | 387.676 | 0
100 | 92.6352 | 0
101 | 701.022 | 0
102 | 501.026 | 0
103 | 383.721 | 0
104 | 9.42236 | 1
105 | 335.341 | 0
106 | 689.698 | 0
107 | 82.3462 | 0
108 | 388.556 | 0
109 | 16.0599 | 0

21
0 | 473.906 | 0
1 | 524.456 | 0
2 | 409.974 | 0
3 | 607.213 | 0
4 | 538.332 | 0
5 | 134.544 | 0
6 | 131.306 | 0
7 | 536.074 | 0
8 | 621.227 | 0
9 | 612.427 | 0
10 | 534.555 | 0
11 | 430.809 | 0
12 | 473.589 | 0
13 | 374.032 | 0
14 | 618.608 | 0
15 | 129.344 | 0
16 | 651.797 | 0
17 | 132.25 | 0
18 | 638.574 | 0
19 | 486.799 | 0
20 | 476.319 | 0
21 | 470.588 | 0
22 | 468.718 | 0
23 | 471.681 | 0
24 | 658.083 | 0
25 | 465.008 | 0
26 | 538.616 | 0
27 | 214.906 | 0
28 | 210.246 | 0
29 | 125.397 | 0
30 | 616.797 | 0
31 | 637.523 | 0
32 | 526.14 | 0
33 | 217.605 | 0
34 | 629.819 | 0
35 | 48.044 | 0
36 | 540.359 | 0
37 | 398.095 | 0
38 | 632.365 | 0
39 | 409.634 | 0
40 | 412.008 | 0
41 | 640.986 | 0
42 | 425.196 | 0
43 | 467.239 | 0
44 | 615.002 | 0
45 | 231.076 | 0
46 | 59.1769 | 0
47 | 642.158 | 0
48 | 380.116 | 0
49 | 538.785 | 0
50 | 472.56 | 0
51 | 634.265 | 0
52 | 614.411 | 0
53 | 650.323 | 0
54 | 420.439 | 0
55 | 458.087 | 0
56 | 612.275 | 0
57 | 225.938 | 0
58 | 476.855 | 0
59 | 215.939 | 0
60 | 479.283 | 0
61 | 51.7337 | 0
62 | 620.094 | 0
63 | 118.474 | 0
64 | 612.845 | 0
65 | 533.288 | 0
66 | 122.93 | 0
67 | 221.008 | 0
68 | 122.174 | 0
69 | 535.593 | 0
70 | 470.48 | 0
71 | 415.179 | 0
72 | 601.782 | 0
73 | 625.888 | 0
74 | 392.03 | 0
75 | 389.467 | 0
76 | 605.33 | 0
77 | 466.154 | 0
78 | 642.494 | 0
79 | 134.344 | 0
80 | 410.578 | 0
81 | 48.6244 | 0
82 | 613.02 | 0
83 | 460.523 | 0
84 | 385.452 | 0
85 | 612.539 | 0
86 | 616.652 | 0
87 | 62.2197 | 0
88 | 224.553 | 0
89 | 609.169 | 0
90 | 382.982 | 0
91 | 232.269 | 0
92 | 54.3904 | 0
93 | 55.8031 | 0
94 | 385.357 | 0
95 | 68.1328 | 0
96 | 459.286 | 0
97 | 613.942 | 0
98 | 412.592 | 0
99 | 49.6506 | 0
100 | 475.143 | 0
101 | 474.125 | 0
102 | 605.686 | 0
103 | 44.0832 | 0
104 | 391.934 | 0
105 | 223.295 | 0
106 | 466.642 | 0
107 | 409.599 | 0
108 | 131.611 | 0
109 | 367.07 | 0

22
0 | 91.3854 | 0
1 | 423.39 | 0
2 | 13.3502 | 0
3 | 595.044 | 0
4 | 421.653 | 0
5 | 458.292 | 0
6 | 460.938 | 0
7 | 424.945 | 0
8 | 764.585 | 0
9 | 591.502 | 0
10 | 428.798 | 0
11 | 14.8803 | 0
12 | 98.2138 | 0
13 | 84.8216 | 0
14 | 599.333 | 0
15 | 448.174 | 0
16 | 535.609 | 0
17 | 450.305 | 0
18 | 529.477 | 0
19 | 784.778 | 0
20 | 775.179 | 0
21 | 765.306 | 0
22 | 92.7595 | 0
23 | 776.509 | 0
24 | 535.947 | 0
25 | 98.2791 | 0
26 | 426.688 | 0
27 | 399.404 | 0
28 | 408.556 | 0
29 | 455.021 | 0
30 | 758.683 | 0
31 | 519.969 | 0
32 | 413.364 | 0
33 | 403.992 | 0
34 | 607.348 | 0
35 | 416.789 | 0
36 | 421.863 | 0
37 | 76.9445 | 0
38 | 531.844 | 0
39 | 11.0178 | 0
40 | 7.56707 | 1
41 | 526.173 | 0
42 | 9.65881 | 1
43 | 86.7034 | 0
44 | 754.919 | 0
45 | 406.389 | 0
46 | 423.794 | 0
47 | 537.929 | 0
48 | 86.3205 | 0
49 | 424.384 | 0
50 | 766.794 | 0
51 | 523.646 | 0
52 | 596.405 | 0
53 | 535.371 | 0
54 | 4.16092 | 1
55 | 90.2463 | 0
56 | 600.835 | 0
57 | 401.433 | 0
58 | 771.758 | 0
59 | 396.224 | 0
60 | 773.917 | 0
61 | 408.653 | 0
62 | 603.88 | 0
63 | 445.958 | 0
64 | 588.269 | 0
65 | 416.962 | 0
66 | 448.143 | 0
67 | 401 | 0
68 | 435.869 | 0
69 | 422.186 | 0
70 | 770.853 | 0
71 | 12.0608 | 0
72 | 750.134 | 0
73 | 776.039 | 0
74 | 72.0727 | 0
75 | 87.2472 | 0
76 | 743.021 | 0
77 | 81.881 | 0
78 | 533.909 | 0
79 | 466.572 | 0
80 | 5.8061 | 1
81 | 427.252 | 0
82 | 758.271 | 0
83 | 92.8029 | 0
84 | 80.3019 | 0
85 | 589.229 | 0
86 | 766.045 | 0
87 | 418.32 | 0
88 | 404.91 | 0
89 | 748.825 | 0
90 | 83.7934 | 0
91 | 414.877 | 0
92 | 421.488 | 0
93 | 417.871 | 0
94 | 94.4315 | 0
95 | 397.795 | 0
96 | 90.7688 | 0
97 | 756.542 | 0
98 | 9.40152 | 1
99 | 411.438 | 0
100 | 98.7214 | 0
101 | 773.38 | 0
102 | 583.316 | 0
103 | 408.598 | 0
104 | 83.8926 | 0
105 | 406.004 | 0
106 | 762.322 | 0
107 | 6.86784 | 1
108 | 444.851 | 0
109 | 93.3563 | 0

23
0 | 10.43 | 0
1 | 359.45 | 0
2 | 103.732 | 0
3 | 536.777 | 0
4 | 354.616 | 0
5 | 483.65 | 0
6 | 487.162 | 0
7 | 358.771 | 0
8 | 728.786 | 0
9 | 531.781 | 0
10 | 363.402 | 0
11 | 81.2858 | 0
12 | 8.89447 | 1
13 | 91.5206 | 0
14 | 539.52 | 0
15 | 473.914 | 0
16 | 461.756 | 0
17 | 475.586 | 0
18 | 457.081 | 0
19 | 782.804 | 0
20 | 773.762 | 0
21 | 763.21 | 0
22 | 3.36847 | 1
23 | 776.556 | 0
24 | 461.111 | 0
25 | 10.0721 | 0
26 | 360.201 | 0
27 | 405.337 | 0
28 | 415.733 | 0
29 | 482.009 | 0
30 | 722.815 | 0
31 | 446.588 | 0
32 | 347.868 | 0
33 | 409.409 | 0
34 | 546.552 | 0
35 | 473.733 | 0
36 | 354.437 | 0
37 | 67.4455 | 0
38 | 460.803 | 0
39 | 86.4675 | 0
40 | 97.8912 | 0
41 | 452.967 | 0
42 | 90.2363 | 0
43 | 6.52446 | 1
44 | 718.8 | 0
45 | 408.821 | 0
46 | 482.245 | 0
47 | 465.968 | 0
48 | 85.8769 | 0
49 | 357.584 | 0
50 | 764.523 | 0
51 | 451.266 | 0
52 | 536.975 | 0
53 | 461.732 | 0
54 | 87.8957 | 0
55 | 8.81317 | 1
56 | 542.403 | 0
57 | 404.9 | 0
58 | 769.473 | 0
59 | 401.871 | 0
60 | 771.488 | 0
61 | 466.268 | 0
62 | 544.405 | 0
63 | 473.76 | 0
64 | 528.037 | 0
65 | 350.402 | 0
66 | 475.177 | 0
67 | 405.579 | 0
68 | 462.433 | 0
69 | 355.777 | 0
70 | 769.97 | 0
71 | 101.709 | 0
72 | 715.936 | 0
73 | 741.19 | 0
74 | 73.3665 | 0
75 | 77.2534 | 0
76 | 706.934 | 0
77 | 11.7036 | 0
78 | 461.397 | 0
79 | 492.637 | 0
80 | 92.613 | 0
81 | 483.871 | 0
82 | 723.108 | 0
83 | 8.06748 | 1
84 | 80.0956 | 0
85 | 529.182 | 0
86 | 731.425 | 0
87 | 477.431 | 0
88 | 408.779 | 0
89 | 712.899 | 0
90 | 82.8225 | 0
91 | 417.329 | 0
92 | 479.285 | 0
93 | 476.003 | 0
94 | 82.8155 | 0
95 | 457.92 | 0
96 | 7.75635 | 1
97 | 720.905 | 0
98 | 99.7696 | 0
99 | 468.714 | 0
100 | 10.1473 | 0
101 | 772.127 | 0
102 | 523.756 | 0
103 | 464.98 | 0
104 | 74.2905 | 0
105 | 410.187 | 0
106 | 760.575 | 0
107 | 94.8267 | 0
108 | 469.943 | 0
109 | 99.1033 | 0
